14
72
144
124
571
648
1034
195
1020
16
1068
591
142
1070
122
796
943
1440
1123
962
322
1021
460
704
1150
143
727
52
194
192
50
644
1120
1517
1118
963
231
853
1115
15
252
1112
777
834
1148
301
1520
1407
1367
1110
1122
854
711
724
1106
1147
340
1297
873
1310
300
198
387
587
707
833
145
776
1114
1296
1124
1053
872
394
1497
1121
1119
1111
232
1439
797
759
1063
1108
647
1459
1164
1348
706
1069
792
815
1347
393
984
75
321
35
1163
775
980
230
646
268
941
1472
961
1109
774
386
1272
731
1214
1059
1274
1090
1258
726
1364
491
1113
1309
1065
193
1278
798
1275
1149
463
589
1117
148
346
755
957
1198
1027
302
761
1441
1334
513
940
667
125
945
185
227
323
199
514
1126
341
1391