1068
1069
1070
1071
1126
1127
1128
1129
1130
1131
1148
1149
1150
1151
1196
1197
1198
1199
122
1234
1235
1236
1237
123
124
1254
1255
1256
1257
125
126
1274
1275
1276
1277
1327
1328
1347
1348
1349
1367
1368
142
1437
1438
1439
143
144
145
1475
1476
1477
1495
1496
1497
14
1515
1516
1517
1518
15
16
17
18
192
193
194
195
230
231
232
233
250
251
252
253
320
321
322
323
365
366
367
513
514
52
53
54
551
55
56
571
572
591
592
646
647
648
649
688
704
705
706
707
724
725
726
727
728
729
72
73
74
75
76
774
775
776
777
778
779
794
795
796
832
833
834
835
852
853
854
855
872
873
874
875
940
941
942
943
944
945
961
962
963
964
965
980
981
982
983
984
985
986