24
200
147
23
201
26
25
27
835
109
111
749
758
107
748
110
626
750
187
325
113
1005
202
799
642
115
637
1181
146
18
197
108
769
770
149
181
233
848
234
757
326
1442
657
114
324
1443
1534
21
1554
178
1551
180
141
112
752
1550
800
1388
1552
619
658
809
1215
870
705
725
22
628
617
228
627
629
270
760
1555
874
177
771
1553
28
1558
1449
722
1556
849
1563
656
808
1298
118
55
196
829
179
20
682
116
807
1447
655
747
1184
892
1448
742
620
342
616
918
54
942
235
1183
1446
632
1559
1479
548
515
756
271
687
520
1072
272
1182
937
17
356
53
630
1441
806
389
117
1185
275
1071
1004
1295
652
921
798
274
203
726
1365
1165
1496
1473
1104
1385
343
919
609
793
19
1065
686
814
104
56
636
650
323
1324
651
751
810
148
1538
631
622
119
327
273
958
688
983
357
706
1197
1196
912
162
188
209
920
74
1027
562
589
1557
551
516
1149
251
468
797
653
250
467
761
29
1257
513
1069
163
1546
618
654
1198
514
685
1495
517
232
384
1547
1277
666
1564
1345
388
106
365
1299
1186
1187
649
95
1126
102
772
204
96
103
292
759
811
1444
208
1037
803
1073
561
145
805
1199
804
386
345
1428
355
745
776
941
1327
1514