1077
1078
1079
1080
1081
1082
1134
1135
1136
1137
1138
1139
1140
1204
1205
1206
1207
1208
1209
1210
1211
1212
1242
1243
1244
1245
1246
1247
1263 
1264 
1265 
1266 
1267 
1268 
1269 
1283 
1284 
1285 
1286 
1287 
1288 
131
132
1333 
1334 
1335 
1336 
1337 
1338 
1339 
133
1340 
1341 
134
1353 
1354 
1355 
1356 
1357 
1358 
1359 
135
1360 
136
1373 
1374 
1375 
1376 
1377 
1378 
137
1394
1395
1396
1397
1398
1399
1400
1444
1445
1446
1447
1448
1449
1450
1451
1452
1482
1483
1484
1485
1486
1487
1488
1489
1490
1504
1505
1506
1507
1508
1509
150
151
1523
1524
1525
1526
1527
1528
1529
152
153
154
155
156
157
200
201
202
203
204
205
206
207
22
239
23
240
241
242
243
244
245
24
25
261
262
263
264
265
26
27
28
29
309
30
310
311
312
313
314
315
329
330
331
332
333
334
335
352
353
354
355
356
357
358
359
372
373
374
375
376
377
378
519
520
521
522
523
524
525
557
558
559
560
561
562
563
564
597
598
599
600
61
62
63
64
653
654
655
656
657
658
659
65
66
67
692
693
694
695
696
697
783
784
785
786
787
801
802
803
804
805
806
807
80
81
82
839
83
840
841
842
843
844
84
85
86
87
881
882
883
884
885
886
887
88
950
951
952
953
954
970
971
972
973
974
975

