1051
1052
1053
1054
1055
1056
1057
1058
1089
1090
1091
1092
1093
1094
1095
1096
1097
1216
1217
1218
1219
1220
1221
1222
1223
1224
1225
1226
1258
1259
1260
1309
1310
1311
1312
1313
1314
1315
1316
1317
1457
1458
1459
1460
1461
1462
1463
1464
1465
212
213
214
215
216
217
218
219
220
221
222
223
224
225
226
227
228
229
34
35
36
37
385
386
387
388
389
38
390
391
392
393
394
395
396
397
398
399
39
40
41
42
43
44
45
46
475
476
477
47
48
49
50
51
533
534
535
536
537
538
539
666
667
668
669
670
671
672
673
674
675
814
815
816
817
818
819
820
821
822
823
923
924
925
926
927
928
929
930
931
932
933