37
674
821
438
1461
820
46
1093
399
398
437
538
382
397
432
476
489
1157
577
1378
455
45
927
640
362
992
1373
447
928
1505
1465
431
435
673
1379
448
1504
933
536
991
579
450
395
1375
427
428
406
1511
790
396
1377
40
818
453
931
586
1466
819
1393
86
247
1470
1468
39
926
886
434
929
1506
1469
443
452
529
403
451
1510
1303
1322
1493
490
422
932
783
859
433
1376
1230
41
791
42
121
426
350
1268
404
423
1321
733
361
1159
408
316
1302
1374
713
440
1467
885
537
568
1471
1251
130
87
401
411
597
1212
44
1304
1142
1305
1143
869
1507
1381
43
139
85
1380
584
578
1161
1076
409
1262
413
1243
1245
734
1094