100
101
1020
1021
1022
1023
1024
1025
1026
1027
1028
1029
102
1030
1031
1032
1033
1034
103
104
105
106
107
108
109
110
111
112
113
114
115
1166
1167
1168
1169
116
1170
1171
1172
1173
1174
1175
1176
1177
1178
1179
117
1180
1181
1182
1183
1184
1185
1186
1187
1188
1189
118
1190
1191
1192
1193
1194
1195
119
120
121
1407
1408
1409
1410
1411
1412
1413
1414
1415
1416
1417
1418
1419
1420
1421
1535
1536
1537
1538
1539
1540
1541
1542
1543
1544
1545
1546
1547
1548
1549
1550
1551
1552
1553
1554
1555
1556
1557
1558
1559
1560
1561
1562
1563
162
163
164
165
166
167
168
169
170
171
172
173
174
175
176
177
178
179
180
181
182
183
184
185
186
187
188
189
190
191
270
271
272
273
274
275
276
277
278
279
280
281
282
283
284
285
286
287
288
289
290
291
292
293
294
295
296
297
298
299
611
612
613
614
615
616
617
618
619
620
621
622
623
624
625
626
627
628
629
630
631
632
633
634
635
636
637
638
639
640
641
642
643
744
745
746
747
748
749
750
751
752
753
754
755
756
757
758
759
760
761
762
763
764
765
766
767
768
769
770
771
772
773
892
893
894
895
896
897
898
899
900
901
902
903
904
905
906
907
908
909
910
911
912
913
914
915
916
917
918
919
920
921
92
93
94
95
96
97
98
99