92
1480
1481
292
285
93
94
286
288
298
838
299
287
357
1176
189
836
803
631
297
804
1178
291
1177
236
289
295
1479
191
290
1175
919
190
802
1170
1168
920
293
104
1559
805
807
1166
294
296
467
621
235
614
1546
492
520
356
623
921
615
1543
622
1167
102
355
899
100
806
1556
28
98
1558
613
616
1560
275
624
620
96
1562
839
659
658
358
59
149
901
119
841
237
280
1179
1557
625
611
1563
60
1171
657
837
103
1173
207
898
808
612
1535
800
1538
842
274
208
1104
1547
656
799
1188
848
1174
188
747
801
840
1482
1553
281
57
1182
793
97
1169
660
1537
548
1187
870
1555
527
637
466
1561
619
1192
1186
111
276
1172
655
95
1446
521
58
234
27
749
1190
748
469
115
1004
1448
206
918
106
1549
1183
273
56
364
1443
201
1191
1541
1184
114
162
26
163
1449
638
203
202
771
110
204
1552
849
468
354
279
205
1447
200
750
1189
892
272
147
1540
1185
752
642
1554
24
282
1473
1548
1233
22
1450
742
277
1445
770
23
835
746
722
809
1388
556
25
1451
108
82
117
751
772
758
526
150
1036
101
691
630
113
29
865
107
769
900
1005
1215
843
864
209
636
519
187
1534
555
271
116
19
141
109
332
1037
632
1018
847
470
270
1066
146
278
903
181
228
745
1545
283
326
863
180
1180
692
20
626
1325
284
810
688